0	2	-6.115	0	-0.556	1	3
1	4	-4.448	0	3.336	1.06	3
2	4	-4.443	0	-6.665	1.06	3
3	5	-1.668	0.556	-2.781	1	3
4	6	-10.05	0.558	-5.583	1.11	3
5	6	-10	0	3.889	1.06	3
6	11	-4.999	0.555	-0.555	1.11	3
7	12	-5.555	0	1.667	1	3
8	18	4.996	0.555	-3.331	1.11	3
9	18	21.923	3.322	9.965	1.11	3
10	21	-2.222	0.555	-2.777	1.28	3
11	21	-4.448	0	1.668	1.28	3
12	24	-6.666	-0.555	9.999	1.17	3
13	27	-12.222	1.111	6.111	1.67	3
14	28	20.101	-2.319	-3.866	1.22	3
15	30	5	0	4.445	1.44	3
16	31	15.731	0	-8.157	1.33	3
17	31	13.334	0	3.889	1.11	3
18	33	6.114	-1.667	2.779	1.33	3
19	36	0	0	-7.22	1	3
20	37	-2.084	0.695	-7.641	1.11	3
21	37	-9.442	0	-2.222	1.28	3
22	38	-4.448	0	3.892	1.22	3
23	40	-15.568	0	8.896	1.33	3
24	40	-4.443	-0.555	3.888	1.33	3
25	41	28.282	-3.463	-5.195	1.33	3
26	42	-5.75	-0.575	9.2	1.33	3
27	46	-8.33	0	0	2.11	3
28	49	-1.109	0	-2.218	1.33	3
29	49	5.558	-0.556	-4.447	1.33	3
30	51	6.109	0	-2.221	1.72	3
31	52	9.444	0	-0.556	1.33	3
32	53	3.332	0.555	3.887	1	3
33	54	4.448	0	-3.336	1.56	3
34	54	10	0	5	1.33	3
35	55	-16.665	-1.111	11.11	1.44	3
36	57	2.775	0.555	-3.33	1.33	3
37	57	-1.664	0	-1.109	1.28	3
38	58	-7.22	0	1.666	1.28	3
39	59	-9.442	0	-2.222	1.5	3
40	59	-0.555	0.555	10.551	1.5	3
41	62	14.4	3.6	13.8	1.33	3
42	63	7.339	1.129	28.226	1.33	3
43	65	0	0	-2.22	1.22	3
44	65	4.445	0	2.223	1.22	3
45	66	-8.329	0	2.221	1.11	3
46	67	-3.334	0	-2.778	3.11	3
47	67	-3.334	2.778	1.111	2.67	3
48	68	12.78	0.556	-2.778	1.5	3
49	70	3.067	0.613	-8.588	1.44	3
50	71	4.448	0	4.448	1.44	3
51	72	3.332	0.555	-5.553	1.89	3
52	72	6.67	0	0	1.61	3
53	73	1.111	-0.556	10.557	1.28	3
54	73	2.221	1.11	1.11	1.5	3
55	75	4.582	2.291	13.747	1.44	3
56	76	-1.9	4.433	17.733	1.44	3
57	80	-1.109	1.109	-1.109	1.44	3
58	81	-3.888	0	5.554	1.22	3
59	82	-2.778	0	3.334	1.67	3
60	87	4.445	-0.556	16.669	1.5	3
61	88	4.443	0	18.329	1.44	3
62	89	10.554	0.555	2.222	1.61	3
63	89	0.555	0.555	5.555	1.61	3
64	90	6.108	0	3.887	1.11	3
65	91	2.22	0	-2.22	1.22	3
66	93	-10	0	8.889	1.22	3
67	94	-7.225	-1.111	2.779	2.83	3
68	95	5.182	0.576	-14.395	1.78	3
69	96	10.003	-1.111	-3.89	1.22	3
70	97	3.336	0	-1.668	1.61	3
71	98	2.777	0	9.44	1.67	3
72	99	8.885	0.555	-0.555	1.89	3
73	99	2.222	0.556	4.444	1.67	3
74	101	-1.178	0.589	18.263	1.22	3
75	102	8.331	1.111	7.22	1.56	3
76	103	-6.6	0.6	16.2	1.44	3
77	107	3.334	1.667	1.111	1.33	3
78	109	-2.221	0	5.552	1.33	3
79	111	6.664	-0.555	8.885	1.61	3
80	112	-3.333	0	-6.11	1.5	3
81	113	-5.002	1.111	5.002	1.11	3
82	114	-8.889	1.111	2.222	1.72	3
83	116	-5	0	1.667	1.44	3
84	116	1.668	0	-3.336	1.44	3
85	121	3.333	0	7.776	1.44	3
86	121	5.56	0	1.112	1.44	3
87	122	8.888	1.667	2.778	1.44	3
88	122	1.111	0.555	6.665	1.56	3
89	123	5.002	0	9.448	1.89	3
90	123	7.222	0	4.444	1.56	3
91	125	4.999	0.555	-7.221	1.39	3
92	125	-3.333	0.556	-7.778	1.28	3
93	126	-1.111	0	4.443	1.5	3
94	127	-6.114	0	5.003	1.67	3
95	129	1.668	0.556	-3.891	2	3
96	129	6.665	0	-1.666	1.72	3
97	130	6.663	-0.555	1.666	1.94	3
98	131	-2.222	1.666	4.444	2.5	3
99	131	4.444	1.666	2.222	2.5	3
100	132	4.444	-0.555	14.442	1.61	3
101	132	8.885	-1.666	6.108	1.61	3
102	133	6.668	-0.556	3.89	1.89	3
103	133	-3.332	0	8.886	1.78	3
104	135	-6.761	0.563	3.381	1.11	3
105	136	-7.224	0	-2.778	1.11	3
106	138	2.222	0.556	5.556	1.44	3
107	139	1.668	0	4.448	1.22	3
108	140	-6.668	0	5.557	1.5	3
109	140	3.334	0	5.001	1.5	3
110	141	1.146	0.573	15.477	1.33	3
111	142	1.667	1.111	10.001	1.72	3
112	144	-3.892	0	-4.448	1.72	3
113	144	-5.003	-0.556	2.779	1.5	3
114	145	-8.329	0	-2.221	1.61	3
115	146	1.109	0	2.218	1.44	3
116	147	-2.218	0	-1.109	1.44	3
117	151	-6.668	0	5.557	1.28	3
118	152	4.998	0	1.111	1	3
119	152	-6.664	0	10.552	0.94	3
120	153	3.886	0	4.997	1.72	3
121	154	9.452	-0.591	10.634	1.44	3
122	155	3.891	0	7.782	2.33	3
123	155	-6.113	-0.556	7.224	2.5	3
124	156	2.222	0	18.89	1.11	3
125	157	-2.775	0	-0.555	1.56	3
126	158	0	0	8.33	2.06	3
127	158	-3.888	0	1.666	2	3
128	159	0	-2.224	-1.668	1.78	3
129	160	2.221	0.555	-3.886	2.22	3
130	161	5	0	0	2.94	3
131	161	3.335	-2.223	8.337	3.44	3
132	162	3.89	0	6.668	2	3
133	163	3.332	0	11.663	1.89	3
134	164	-6.667	0	0.556	1	3
135	165	-1.11	0	2.776	1.17	3
136	165	-4.448	0	-1.668	1.17	3
137	167	-2.779	0	2.779	1.44	3
138	168	-1.111	0.555	5.553	1.5	3
139	168	3.886	0	4.997	1.39	3
140	169	-1.111	0	9.998	1.89	3
141	169	5.557	0	6.668	1.72	3
142	170	-3.336	-0.556	3.336	1.67	3
143	171	5	0	4.445	1.67	3
144	172	-3.337	0	-2.224	2	3
145	173	-11.316	0	2.263	1.44	3
146	174	-8.886	0	-3.332	1.5	3
147	174	2.222	0.556	-5.556	1.5	3
148	176	1.494	0	8.215	1.11	3
149	182	2.78	0	-2.224	0.89	3
150	186	9.447	0.556	12.225	1.06	3
151	187	3.333	0	9.999	1.56	3
152	188	-1.124	0.562	24.728	1.11	3
153	191	6.114	0	5.003	2	3
154	192	8.887	0	3.888	1.83	3
155	192	-1.667	0	5	2.67	3
156	193	-2.223	0	10.559	1.33	3
157	194	-5.001	0	-3.334	1.83	3
158	194	-1.664	-0.555	0.555	2.22	3
159	195	-2.221	0	-6.109	2.22	3
160	196	3.337	0	-2.224	3	3
161	196	1.113	1.113	0.557	3.78	3
162	197	5.558	0	5.558	2.28	3
163	197	1.667	-0.556	14.444	2.11	3
164	203	-5.555	0	-1.667	1.11	3
165	205	-3.885	0	-1.11	1.22	3
166	206	-4.999	0	-2.222	1.67	3
167	206	-3.331	0.555	4.442	1.67	3
168	210	5.028	0	12.291	1.56	3
169	211	2.234	-1.117	10.054	2.11	3
170	211	-5.556	1.111	2.778	1.89	3
171	212	6.244	0.568	15.327	1.33	3
172	213	-4.44	0	0	2.11	3
173	214	-3.89	0	2.778	1.56	3
174	215	-2.222	0.556	-5.556	1.72	3
175	216	-7.22	0	0	1.28	3
176	216	1.111	0	8.336	1.28	3
177	217	-3.334	0	5.001	1.39	3
178	222	0	1.667	5.555	1.22	3
179	222	4.442	0.555	3.331	1.22	3
180	225	-5	0	2.778	1.17	3
181	225	5.554	0	3.888	1.17	3
182	226	8.332	0.555	0	1	3
183	226	1.111	2.222	13.331	1	3
184	227	-1.111	0	6.11	1.56	3
185	233	-6.663	0	3.332	1.56	3
186	234	-10.253	1.206	10.253	1.11	3
187	235	3.334	1.667	11.669	2.22	3
188	235	-5.553	1.111	-0.555	1.94	3
189	236	-14.44	-0.555	-2.221	1.33	3
190	236	3.89	0.556	-8.89	1.33	3
191	238	6.111	1.111	1.111	2.5	3
192	238	0	1.111	9.445	2.61	3
193	239	2.221	0	5.552	1.67	3
194	239	-1.113	0.557	1.113	2.06	3
195	240	2.221	1.111	-4.443	2.5	3
196	240	3.336	-1.668	0	3.28	3
197	241	5.001	0.556	12.225	2.56	3
198	245	1.109	0	-1.664	1	3
199	246	0.556	0	-3.334	1	3
200	246	-4.443	0	-1.111	1	3
201	248	1.111	0	-4.998	1.11	3
202	251	1.667	-0.556	-5	1.11	3
203	251	-3.337	0	-2.224	1.17	3
204	252	-7.779	0	2.778	1.22	3
205	254	-2.223	0	-4.445	1.5	3
206	254	-6.108	-0.555	3.332	1.83	3
207	256	-1.11	0	3.885	1.33	3
208	259	-6.67	0	0	0.89	3
209	259	-1.11	-0.555	4.44	0.89	3
210	260	2.777	0	4.444	1.72	3
211	263	-9.477	0	6.69	2.11	3
212	263	2.781	-0.556	1.668	1.72	3
213	265	-9.442	-0.555	-4.443	2.17	3
214	266	1.111	0	6.11	1.67	3
215	267	-2.779	1.112	-5.003	1.89	3
216	267	-2.779	-0.556	7.224	1.67	3
217	268	-8.887	0	3.888	1.56	3
218	269	6.109	0	12.218	1.06	3
219	269	5	-0.556	1.667	1.06	3
220	270	6.11	0	3.333	1.22	3
221	270	9.445	0	12.778	1.22	3
222	272	7.29	0	12.337	1.44	3
223	273	5.554	0	12.775	1.39	3
224	274	5.555	0	-1.667	1.33	3
225	275	0	0	10.56	1.33	3
226	276	1.666	1.11	2.221	1	3
227	277	2.776	1.11	6.107	1.78	3
228	277	-2.778	0	1.667	1.61	3
229	278	-3.335	0	9.449	1	3
230	280	7.778	2.222	5	1	3
231	282	-5.557	0	6.668	1.39	3
232	282	5.555	1.111	8.888	1.39	3
233	284	-6.109	0	2.221	2.06	3
234	284	-1.112	0	7.781	1.61	3
235	285	-5.555	0	11.665	2.28	3
236	288	-11.837	0.564	-10.146	1.56	3
237	288	-3.889	-0.556	9.445	1.33	3
238	289	2.78	0	2.224	3.78	2
239	289	-4.44	0.555	1.11	3.28	3
240	290	6.67	0	0	4.06	2
241	290	2.223	0	6.669	3.94	2
242	294	-1.158	0	-5.213	1.11	3
243	298	-19.763	-2.044	9.541	1.22	3
244	298	1.199	0	-9.595	1.22	3
245	301	-2.218	0	-1.109	1.11	3
246	302	0	0	-2.22	1.22	3
247	303	-4.443	0	1.111	1.22	3
248	303	-1.667	0	-2.778	1.22	3
249	304	1.666	0	-7.774	1.22	3
250	304	-3.888	-0.555	-4.443	1.22	3
251	306	-2.78	0.556	-2.78	1.17	3
252	307	-4.999	0	2.222	1.06	3
253	310	-3.891	-0.556	-3.891	1.67	3
254	311	-4.445	0	0.556	1.72	3
255	312	-3.331	0.555	-4.996	1.5	3
256	312	-2.778	0	3.334	1.5	3
257	313	-7.218	0	3.332	1.44	3
258	314	0.555	0	4.999	1	3
259	315	0.555	0	2.222	0.89	3
260	316	4.44	0	0	2.83	3
261	316	3.889	0	3.889	2.61	3
262	317	0.555	-1.665	2.22	1.22	3
263	318	-1.111	0	8.891	2	3
264	319	-0.556	0	-3.334	1.39	3
265	320	-6.107	0.555	-3.886	2.78	3
266	320	-0.555	0.555	4.999	2.5	3
267	321	-3.885	0	-1.11	1.78	3
268	322	-2.221	0	6.109	1.33	3
269	322	4.444	0.556	2.778	1.17	3
270	325	2.777	0	5.554	1.39	3
271	329	-9.444	-0.556	-2.778	1.22	3
272	330	-3.887	0	3.332	1.5	3
273	330	5.002	1.667	9.448	1.56	3
274	331	4.999	0.555	6.665	1.44	3
275	332	3.334	0	5.557	1.44	3
276	332	18.887	1.111	6.666	1.28	3
277	333	1.666	0.555	9.997	2	3
278	333	-8.889	0	11.112	1.56	3
279	334	-3.332	0	14.44	1.72	3
280	334	6.109	0	6.109	1.61	3
281	335	-4.999	0	4.999	1.17	3
282	336	1.111	0	11.115	1.89	3
283	336	17.778	1.667	19.445	1.61	3
284	340	0	0.556	8.893	2.11	3
285	341	-7.222	0	15.555	1.78	3
286	344	5.558	0.556	-4.447	1.06	3
287	346	-9.444	0.556	0	1.5	3
288	347	-3.337	0	2.224	1.72	3
289	348	-5.558	0.556	11.116	5.67	2
290	348	3.891	2.779	2.779	6.06	2
291	351	15.197	0.563	6.754	1.11	3
292	353	1.664	0	-1.109	1	3
293	353	3.335	0.556	1.668	1	3
294	358	-4.997	0	-3.886	1.28	3
295	359	-2.833	0	-8.5	1.11	3
296	360	-0.603	0	-21.101	1	3
297	361	-8.329	0	2.776	1.17	3
298	362	3.33	0	-3.33	1.22	3
299	362	-5.56	0	0	1.22	3
300	363	-2.776	1.11	-6.107	1	3
301	363	-2.78	0	0	1.17	3
302	364	-1.111	0	-4.998	1.33	3
303	365	-5	0	-1.667	1.33	3
304	366	-4.448	0	-4.448	1.22	3
305	367	-15.951	0	10.847	1.22	3
306	369	-5.001	0.556	-3.89	1.11	3
307	370	-16.086	0	4.596	0.89	3
308	371	2.22	0	-2.22	1.67	3
309	371	-9.444	0	0.556	1.5	3
310	372	-4.999	-1.111	-4.444	1.67	3
311	373	-3.337	0	-2.224	1.89	3
312	374	-11.51	-0.575	4.604	1.67	3
313	375	-6.512	0.592	19.536	1.67	3
314	376	6.707	0	9.501	1.11	3
315	376	-4.998	0.555	4.443	1	3
316	377	1.667	0	5	2.89	3
317	378	1.11	1.666	7.218	1.61	3
318	379	-4.447	2.223	4.447	1.78	3
319	380	0	0.555	-4.999	1.83	3
320	380	-4.446	-0.556	6.114	2.72	3
321	381	-4.445	0	-0.556	1.89	3
322	381	1.111	0	4.998	1.61	3
323	383	4.446	0.556	6.114	1.28	3
324	384	7.78	0.556	6.113	1.17	3
325	386	4.444	0.556	8.333	1.72	3
326	387	0.555	0	13.328	1.22	3
327	389	-2.222	-0.555	15.552	1.39	3
328	390	-0.555	0	19.442	1.28	3
329	391	-8.886	0	-2.777	1.83	3
330	391	-1.111	0	6.668	1.89	3
331	392	2.777	1.111	11.663	1.61	3
332	392	3.332	-0.555	6.108	1.61	3
333	395	-4.442	0	8.329	2.06	3
334	396	0.555	0.555	8.885	2	3
335	397	-2.223	0	17.227	2.22	3
336	397	3.886	0	4.997	2.61	3
337	398	1.666	0.555	-9.997	1.78	3
338	398	-14.44	0	-3.332	1.5	3
339	399	-5.56	0	-1.112	1.28	3
340	408	-1.111	-0.556	10.557	3.22	2
341	408	-3.334	0	2.778	3.06	3
342	400	7.775	0.555	7.775	1.33	3
343	401	-3.336	0	1.668	1.33	3
344	404	8.887	0	-7.22	1.22	3
345	404	2.778	0	1.667	1.06	3
346	406	-7.778	0	7.778	2.06	3
347	407	-3.89	0	2.778	2.67	3
348	407	4.444	1.667	9.444	5.11	2
349	409	0.556	0	-6.667	0.89	3
350	409	-13.673	0	-7.406	0.89	3
351	410	3.89	0	2.778	1.17	3
352	411	-2.78	0	2.224	1.22	3
353	412	3.334	-0.556	0	1.11	3
354	415	-4.44	0.555	-1.11	1.11	3
355	416	-12.887	-0.586	-7.615	1.11	3
356	417	-1.11	0	-1.11	0.89	3
357	417	1.11	1.11	-2.221	0.89	3
358	418	-3.89	0	-2.223	1.39	3
359	418	0.556	0	-3.891	1.22	3
360	420	-1.11	0	-3.33	1.06	3
361	422	-6.668	-0.556	3.89	1.28	3
362	422	-2.22	0	-2.22	1.28	3
363	423	-2.222	0	0.555	1.17	3
364	424	0.556	0	-3.334	1.39	3
365	424	-4.44	0	0	1.39	3
366	431	-4.448	0	-3.892	1.11	3
367	431	-2.778	0	3.89	1.11	3
368	432	-2.224	0	-1.668	1.06	3
369	433	-2.778	-1.111	-3.334	1.22	3
370	433	-5	0	2.778	1.11	3
371	439	-3.888	0	-5.554	1.89	3
372	440	-6.669	-2.223	0	1.44	3
373	441	-3.334	0	-2.778	2.44	3
374	441	-2.779	1.112	5.003	2.22	3
375	442	-2.954	1.181	18.903	1.67	3
376	444	0	0	5	1.11	3
377	445	2.778	0	3.334	2	3
378	446	5.041	0	6.931	2	3
379	447	-1.666	0	3.888	1.67	3
380	482	-0.556	0	-3.334	2.56	3
381	482	-1.112	0.556	6.115	2.56	3
382	458	11.109	0	-5.554	1.44	3
383	458	-2.222	0.555	14.996	1.61	3
384	459	1.667	0	10.559	1.22	3
385	461	12.221	0.556	3.333	1.89	3
386	462	4.445	0	5	2.33	3
387	462	9.444	0	20.554	2	3
388	463	6.664	0	7.775	1.17	3
389	464	0	-3.333	9.999	1.67	3
390	465	11.711	0.558	22.307	1.44	3
391	466	-3.334	0	2.778	2.72	3
392	466	4.445	1.111	11.112	2.44	3
393	467	24.673	2.056	6.854	1.33	3
394	468	3.333	0	18.888	1.83	3
395	469	-1.667	-0.556	17.221	2.11	3
396	470	-3.888	0	5.554	2.11	3
397	470	2.223	0	6.669	2.78	3
398	471	-2.22	0.555	-3.33	1.89	3
399	481	-2.224	0	-1.668	3.06	3
400	472	6.111	0.556	6.111	1.5	3
401	472	-2.222	0	11.11	1.5	3
402	474	-12.224	0	-3.334	1.44	3
403	477	2.776	0	8.329	1.5	3
404	478	16.167	-0.557	-4.46	1.22	3
405	478	4.999	0	13.887	1.06	3
406	479	-24.695	0	4.49	2.22	3
407	480	10.094	-0.561	11.776	3.44	2
408	481	-2.868	-0.319	0.956	4.5	2
409	554	0	0	-2.78	0.83	3
410	483	3.334	0	0.556	1.28	3
411	485	-1.11	-0.555	2.775	1.28	3
412	487	3.33	0	3.33	1.22	3
413	489	9.46	-1.183	-11.825	1.11	3
414	489	-7.458	0	-8.031	1.11	3
415	492	-4.44	-0.555	1.11	1.22	3
416	492	-3.888	1.111	-3.333	1.22	3
417	494	-2.22	0	-2.22	0.94	3
418	496	-2.222	-1.666	-4.444	1.39	3
419	497	17.277	0	-10.942	1.11	3
420	498	-7.419	-1.141	-5.707	1.11	3
421	499	-3.333	0	7.776	1.22	3
422	499	-3.337	0	-2.224	1.22	3
423	502	-7.387	-0.568	-2.273	1.22	3
424	504	-6.114	0	-4.447	1.5	3
425	505	-0.557	0	1.67	1.11	3
426	506	-7.218	0	-3.332	1.56	3
427	506	-5.556	-1.111	2.778	1.56	3
428	507	-15.012	0	-8.896	1.33	3
429	507	-22.344	-0.621	5.586	1.33	3
430	509	-2.78	0	-2.224	1	3
431	513	-10.578	0	-2.227	1	3
432	514	-13.433	0	7.592	1.22	3
433	514	-6.11	0	1.111	1.28	3
434	516	-5	-1.111	-8.89	1.44	3
435	517	1.668	0	-2.224	1.44	3
436	517	-18.402	0	-2.968	1.44	3
437	518	-3.89	0	-2.778	1.44	3
438	518	-6.355	-1.271	13.981	1.44	3
439	519	-3.336	0	-4.448	2.28	3
440	519	-6.107	1.11	2.776	2	3
441	520	-4.998	0	1.111	2.78	3
442	520	-1.111	0	4.998	2.22	3
443	521	4.998	2.777	7.22	1.17	3
444	521	-1.666	-2.222	8.886	1.17	3
445	523	2.221	0	5.552	2.11	3
446	524	3.329	0.555	0.555	2.22	3
447	524	0	0	6.11	2.06	3
448	525	-3.89	0	2.223	1.11	3
449	526	-9.267	-0.579	2.317	1	3
450	526	-10.014	0.626	-3.129	1	3
451	527	-4.445	0	2.223	2.06	3
452	528	8.331	0.555	-3.332	1.5	3
453	558	-0.556	0	-3.334	3.11	3
454	529	9.444	0.556	3.333	1.06	3
455	530	9.444	-0.556	-2.778	1.28	3
456	531	5.555	0.555	0.555	1.22	3
457	533	10.553	0	4.443	1.33	3
458	535	9.446	0.556	9.446	1.61	3
459	536	2.223	0	17.227	1.17	3
460	537	8.331	1.111	3.888	2.11	3
461	538	14.442	-1.111	8.332	2.11	3
462	539	6.665	0.555	12.219	2.5	3
463	540	9.442	0.555	14.996	1.22	3
464	541	-3.891	0	-0.556	1.72	3
465	542	3.889	0	3.889	1.61	3
466	542	0	-1.667	5	2.5	3
467	543	4.444	0.556	11.111	1.44	3
468	544	8.334	-2.222	13.89	1.89	3
469	545	-4.999	0	2.222	3.06	3
470	545	3.332	-0.555	11.108	3.22	3
471	559	-3.886	0	-4.997	3.44	2
472	549	1.669	0	1.669	1.56	3
473	550	-9.922	0	4.085	1.89	3
474	551	-19.68	0	0.615	1.56	3
475	552	-3.335	-2.223	-6.113	1.72	3
476	553	-3.33	0.555	-2.775	1.22	3
477	556	-0.556	0	9.444	2	3
478	556	8.335	0.556	11.668	1.72	3
479	557	-10.005	0	-0.556	4.61	2
480	557	3.334	-2.222	5.556	5.22	2
481	559	-2.781	-0.556	-0.556	4.83	2
482	558	-6.111	-1.667	1.667	4.17	2
483	572	13.278	0.577	2.886	1.33	3
484	580	-7.224	-0.556	-4.445	1.22	3
485	580	-0.627	0	9.409	1.33	3
486	592	14.259	0	-4.753	1.44	3
487	596	6.115	-0.556	1.112	1.17	3
488	562	-17.342	-1.196	-13.156	0.89	3
489	562	-3.89	-1.112	-7.781	1	3
490	563	-5.555	0.555	-0.555	1.39	3
491	563	0	0.556	-3.334	1.39	3
492	564	-7.84	0	-4.48	1.33	3
493	565	-2.778	0	-3.334	1.06	3
494	566	-2.954	0	-7.089	1	3
495	567	5.028	-0.559	-2.234	0.89	3
496	567	-1.666	1.666	-4.444	1.17	3
497	569	0	0	-5	1.28	3
498	569	-5.56	0	0	1.28	3
499	571	-8.335	0	1.667	1.11	3
500	570	2.22	0	-2.22	1.11	3
501	570	1.849	0	-22.183	1.11	3
502	576	-4.443	0	1.111	1.17	3
503	573	3.334	0	-5.557	1.06	3
504	578	-3.888	0	-1.666	1.56	3
505	578	0	1.11	2.776	1.33	3
506	579	-5.555	0	-1.667	1.44	3
507	581	-2.78	0	0	1.33	3
508	582	2.222	0	-4.999	0.89	3
509	582	-2.778	0	-1.667	0.89	3
510	584	3.334	0	-5.557	0.89	3
511	584	-3.891	0	-0.556	0.89	3
512	585	10.574	0	-5.009	1	3
513	586	-2.778	0	-3.89	1.17	3
514	586	-3.33	0	0	1.28	3
515	588	2.673	0	9.356	1.11	3
516	590	-3.887	0	-6.108	1.5	3
517	591	-9.219	-1.152	-1.729	1.44	3
518	591	-9.061	-0.566	6.229	1.44	3
519	593	-5.552	0	-2.221	2.39	3
520	594	-6.114	-0.556	4.446	2.22	3
521	595	1.11	1.11	3.885	1.22	3
522	597	-5	0	-4.445	1.39	3
523	598	2.223	0	4.445	2.11	3
524	599	8.394	0	16.788	2.44	3
525	601	-4.444	0	2.777	1.22	3
526	601	-5.001	0	-3.334	1.11	3
527	602	-3.336	0	4.448	2.44	3
528	637	7.22	0	-1.666	2.94	3
529	606	13.336	0	-6.112	1.39	3
530	606	6.11	0	3.333	1.5	3
531	607	11.109	0	-7.221	1.44	3
532	608	16.755	0.762	-7.616	1.22	3
533	610	15.014	0	-3.336	1.44	3
534	610	10.003	1.111	0.556	1.22	3
535	611	14.444	0	-1.667	1.67	3
536	611	8.331	0.555	7.776	1.5	3
537	612	8.334	0.556	-6.112	2.83	3
538	612	5.556	0.556	13.89	2.83	3
539	613	8.336	1.111	5.557	2.5	3
540	613	5.555	1.666	17.22	2	3
541	614	-3.891	0.556	-0.556	2.06	3
542	614	1.111	-1.111	6.667	2.06	3
543	615	4.448	0	3.336	1.89	3
544	615	5	1.667	15.001	2.06	3
545	636	-0.556	0	7.78	4.89	2
546	625	20.702	0.56	1.119	1.33	3
547	625	0.557	0	21.733	1.33	3
548	626	-8.894	0.556	-1.112	1.72	3
549	626	1.666	0	6.665	1.72	3
550	627	-12.22	0	0	2	3
551	628	-5.558	-0.556	5.558	1.72	3
552	630	-2.221	1.111	-4.443	2	3
553	632	-6.665	0	-2.777	1.33	3
554	631	-1.667	0	-5	1	3
555	632	-6.665	-1.111	6.11	1.22	3
556	633	5	0	13.333	2.22	3
557	635	-1.111	1.111	9.44	5.44	2
558	637	-1.11	0	3.885	4.78	2
559	636	-6.665	0.555	1.111	5.39	2
560	646	6.67	0	0	0.89	3
561	670	5	0	-2.778	0.89	3
562	670	-1.67	0	-0.557	0.89	3
563	645	-8.893	-0.556	0	1.44	3
564	645	0	0	-1.67	1.39	3
565	662	-1.666	0	-3.888	1.22	3
566	669	-2.224	0	-3.337	1.06	3
567	684	2.617	0.654	-3.271	0.89	3
568	684	-1.11	0	-2.776	1	3
569	703	-3.332	0	-3.887	1.56	3
570	693	-3.892	0	-4.448	1.28	3
571	703	-3.888	0	1.666	1.39	3
572	718	3.334	0	0.556	1.5	3
573	693	0.555	0	-2.775	1.28	3
574	639	-5	0.556	-1.667	0.78	3
575	640	12.437	-0.592	-21.321	1.22	3
576	641	-4.999	0	0.555	1.11	3
577	642	-11.971	0	-3.42	1	3
578	642	-3.89	0	2.223	1.28	3
579	644	-1.188	0	-4.754	1.11	3
580	718	-0.555	0	1.109	1.5	3
581	644	-4.998	0	1.111	1.22	3
582	648	-2.224	0	-3.337	0.78	3
583	649	-1.667	0	-2.778	1	3
584	649	-8.333	1.667	-1.667	1	3
585	650	7.779	0	-2.222	1.22	3
586	650	-4.999	0	-2.222	1.39	3
587	653	-4.444	0.556	-2.222	1.06	3
588	653	-4.448	0	4.448	1.17	3
589	652	21.421	4.632	3.474	1.22	3
590	654	-12.857	1.677	-12.298	1.44	3
591	655	-5.555	0	1.667	1.39	3
592	656	2.778	0	-3.334	1.61	3
593	658	-4.996	0.555	-3.331	2.61	3
594	660	-6.114	0	-5.003	2.33	3
595	660	0.555	1.666	6.663	2.11	3
596	661	5	0.556	1.667	1.11	3
597	665	-4.445	0	-2.223	1.44	3
598	666	8.511	0	1.702	2	3
599	667	1.111	-0.555	5.553	2.28	3
600	668	-10.034	0	10.592	1.67	3
601	668	-2.22	0	0	1.44	3
602	719	-6.112	0.556	1.667	3.28	2
603	681	14.054	-0.74	-15.533	1.33	3
604	681	24.188	-0.563	-10.688	1.33	3
605	682	5.002	0	9.448	1.06	3
606	683	9.447	-0.556	-0.556	1.22	3
607	685	5.557	0	-6.668	1.67	3
608	685	7.224	0	-2.778	1.44	3
609	686	6.113	1.111	-3.89	1.22	3
610	687	13.893	-0.556	11.114	1.56	3
611	688	9.997	0	4.443	1.72	3
612	690	17.227	-0.556	7.78	3.28	3
613	690	3.332	0	7.218	2.89	3
614	692	0	0.556	3.891	3.17	3
615	692	6.665	-0.555	4.999	3.11	3
616	694	-1.67	0	-0.557	1.06	3
617	694	0.556	0	-3.334	1.06	3
618	696	-3.889	0.556	-12.78	1.28	3
619	697	-11.115	-0.585	-18.135	1.11	3
620	701	7.225	0	-1.112	1.44	3
621	701	3.332	-0.555	5.553	1.44	3
622	702	6.669	0	2.223	1.22	3
623	702	7.22	0	-1.666	1.06	3
624	706	2.78	0.556	-2.78	1.17	3
625	708	9.61	-0.565	6.218	1.33	3
626	708	-1.111	0	4.443	1.67	3
627	710	-8.529	0	-2.843	2.11	3
628	712	-6.111	-1.111	-1.111	1.89	3
629	714	-2.22	0.555	3.33	1.39	3
630	715	-1.668	0.556	-3.891	2.83	3
631	713	1.11	0	-3.33	1.11	3
632	715	-5	0	0	2.56	3
633	717	3.885	-1.11	1.665	3.94	2
634	716	7.392	0	-1.848	0.89	3
635	717	-2.777	-1.666	9.998	4.78	2
636	720	-4.444	0	7.222	4.78	2
637	719	-0.555	1.666	7.219	4.17	2
638	728	-2.779	0	2.779	1	3
639	728	-6.667	0	0.556	0.89	3
640	768	1.11	0	-3.33	1.33	3
641	768	-4.44	-0.555	-1.11	1.28	3
642	784	-1.11	0	0	1	3
643	723	3.336	0	-4.448	1.11	3
644	724	-6.107	-0.555	-3.886	1.11	3
645	789	-6.762	0	-9.016	1.44	3
646	776	4.998	0	1.111	1	3
647	726	-1.669	0	-1.669	1	3
648	727	-2.778	0	-3.334	0.94	3
649	727	-6.107	0	-1.666	1.06	3
650	730	2.223	0	-4.445	1.5	3
651	731	2.22	0.555	-1.665	1.56	3
652	731	9.444	0	1.667	1.56	3
653	730	-2.222	0	-0.555	1.39	3
654	735	-2.218	0	-1.109	1.5	3
655	735	-7.78	0.556	2.223	1.44	3
656	736	9.444	0	-6.666	1.78	3
657	738	5.822	0	15.136	1	3
658	740	-2.779	0	-2.779	3	3
659	729	2.78	0	0	1	3
660	740	-6.109	0	2.777	3	3
661	736	3.889	0	3.889	1.44	3
662	741	-2.222	0.556	-5	1.28	3
663	743	3.089	0.618	-5.56	1.11	3
664	744	-3.888	1.111	-3.888	1.61	3
665	745	-6.11	0	-1.111	1.39	3
666	746	3.885	-1.11	-1.665	2.5	3
667	746	0	-0.556	6.115	2.56	3
668	802	-2.777	1.111	1.111	2.61	3
669	747	-2.78	0	-2.224	1.11	3
670	742	-2.257	-0.564	-6.771	0.89	3
671	799	2.776	0	-1.11	1.5	3
672	757	-9.445	0	6.112	1	3
673	757	9.446	0	14.446	1	3
674	758	9.855	0	-8.447	1.33	3
675	758	12.217	0	-0.555	1.33	3
676	759	-6.668	0	-6.668	1.22	3
677	759	4.999	0	-0.555	1.28	3
678	760	6.665	0	-4.443	1.11	3
679	760	4.445	0	-12.779	1.11	3
680	765	-1.109	0	-2.218	1.61	3
681	765	7.775	0.555	-3.887	1.61	3
682	766	10.554	0	7.777	1.22	3
683	766	9.442	0.555	-4.443	1.06	3
684	747	0.556	0	-3.334	1	3
685	767	9.447	0.556	-10.003	1.67	3
686	767	20.56	0	-2.223	1.44	3
687	769	5	0	-2.778	1.83	3
688	769	12.779	-0.556	9.445	1.78	3
689	770	11.109	2.222	11.664	1.11	3
690	771	5.552	-2.221	5.552	3	3
691	753	4.448	0	1.668	1	3
692	803	7.225	1.112	10.004	4.56	2
693	772	0	0	-2.78	1.39	3
694	775	-2.775	0.555	-3.33	1.33	3
695	778	-6.668	0	-1.111	0.94	3
696	779	1.667	0	-2.778	1.44	3
697	780	4.149	0.593	-13.632	1.11	3
698	781	-3.336	0	1.668	1	3
699	783	1.111	0	6.11	1	3
700	785	8.893	0	0.556	1.44	3
701	786	12.244	0.557	4.452	1.67	3
702	786	10	0	-3.889	1.44	3
703	788	-3.885	-1.11	-1.665	1.44	3
704	790	21.229	-0.559	8.38	1.33	3
705	790	-4.134	0.591	30.707	1.33	3
706	791	8.642	0.617	1.852	1.33	3
707	792	-16.151	0	-5.768	1.11	3
708	794	3.335	0	8.338	1.22	3
709	796	-0.556	0	6.667	1.44	3
710	797	-1.109	0	-2.218	2.39	3
711	795	4.998	0	6.664	1	3
712	797	-6.667	0	-0.556	2.28	3
713	795	0.555	0	-2.222	1	3
714	798	-13.376	0	10.032	1.33	3
715	801	-5.559	0.556	-2.78	4.61	2
716	778	1.666	0	-3.888	0.94	3
717	801	0	1.669	1.669	5.61	2
718	800	2.22	0.555	3.33	1.5	3
719	802	2.222	-0.556	8.89	3.83	2
720	803	-5.554	0	8.887	4.44	2
721	811	-0.556	0	-7.229	0.89	3
722	811	-5	0	-1.667	0.89	3
723	849	2.222	0	-4.999	1.33	3
724	849	-3.334	0	-2.778	1.33	3
725	878	-11.672	0	1.667	1.33	3
726	884	-1.112	0.556	-3.336	1.11	3
727	884	-3.891	0.556	0	1.11	3
728	887	-3.336	0	1.668	1.17	3
729	863	26.429	2.349	0.587	1.11	3
730	807	-2.22	0.555	-1.665	1.56	3
731	806	12.236	0.556	-8.899	1.89	3
732	809	-2.78	0	0	1.11	3
733	810	-23.421	0.601	3.003	1.44	3
734	810	-21.798	0.703	11.954	1.44	3
735	812	-25.146	0	-1.796	1.56	3
736	806	6.668	3.89	-0.556	1.83	3
737	815	3.885	-1.11	0	1	3
738	817	-4.078	0	13.98	1	3
739	818	2.306	1.153	21.335	1.44	3
740	819	-3.33	0	-1.11	2.44	3
741	820	1.11	0	-3.33	1.44	3
742	854	-2.778	0	-5	1	3
743	821	3.33	0	0	1.22	3
744	822	-4.998	-0.555	-4.443	1.89	3
745	823	-5.552	0.555	0	1.33	3
746	824	3.336	0.556	3.336	2.56	3
747	825	-12.284	-1.117	-8.376	1.11	3
748	827	1.11	0	1.11	1	3
749	827	6.11	-0.555	0.555	1	3
750	826	-3.334	0	-5.001	1.11	3
751	826	3.333	0	-7.776	1.11	3
752	830	3.331	-1.666	-1.666	1.17	3
753	832	2.776	0	-1.11	1.06	3
754	837	4.997	0	3.886	1.11	3
755	837	5.949	0	16.064	1.11	3
756	838	-8.889	0	19.445	1.22	3
757	838	5.554	0	12.775	1.22	3
758	840	4.445	0	-2.223	1.39	3
759	842	0	0	-10.56	1.67	3
760	843	17.495	0	-9.997	1.22	3
761	847	-8.329	0	-2.776	1.11	3
762	847	-7.775	0	-6.664	1.11	3
763	848	1.111	0	-4.998	1.22	3
764	848	-2.223	0	-3.89	1.22	3
765	851	3.89	0	-2.778	2.06	3
766	851	8.338	-0.556	1.112	1.72	3
767	853	15.555	-0.556	7.778	1.56	3
768	852	-5.745	0	-6.319	1.44	3
769	855	8.886	0.555	4.998	2	3
770	855	3.889	-1.111	19.444	1.56	3
771	892	10.557	1.111	-0.556	4.22	2
772	829	1.668	0	-3.336	1.33	3
773	861	-1.109	0	1.664	1.28	3
774	861	6.112	-0.556	1.667	1.11	3
775	860	-2.778	0	-5	1.67	3
776	854	4.445	0.556	0	1.11	3
777	865	-2.78	0	-2.224	1	3
778	866	-2.777	0.555	-3.888	1	3
779	868	0	0.556	-6.115	1.61	3
780	868	3.89	0.556	-5.001	1.44	3
781	871	-8.891	0	-1.111	1.39	3
782	869	-1.113	0.556	-2.226	1.06	3
783	872	-8.349	0.557	8.349	1.11	3
784	869	-3.89	0	0	1.06	3
785	876	15.478	0	-9.745	1.67	3
786	877	4.448	0	-1.668	1.67	3
787	858	-17.535	0	-8.485	1.11	3
788	879	-5	0.556	-1.667	1.17	3
789	858	-1.11	0	-3.33	1.28	3
790	877	3.888	0	5.554	1.5	3
791	880	4.443	0	6.665	1.5	3
792	880	-3.886	0	4.997	1.39	3
793	881	-8.887	0	7.22	1.33	3
794	881	1.666	0	6.107	1.33	3
795	867	3.336	0	-1.668	1	3
796	885	1.667	0	10.559	1.83	3
797	886	-2.218	0	-1.109	3	3
798	886	-4.998	0.555	4.998	2.33	3
799	893	3.335	1.668	-0.556	1.67	3
800	883	7.782	0	7.226	1.33	3
801	889	-2.78	-0.556	5.559	4.44	2
802	890	0.555	-0.555	3.329	3.56	2
803	892	-0.556	0	6.667	5.28	2
804	891	7.22	0	1.666	1.11	3
805	891	6.665	-0.555	-4.999	1.11	3
806	957	5.555	-2.777	-1.666	1.94	3
807	967	-3.888	0.555	-2.777	1.67	3
808	906	12.372	0	-5.302	0.89	3
809	967	-6.668	0	1.111	1.44	3
810	934	1.11	1.664	2.774	1.83	3
811	930	0	0	-1.67	1.06	3
812	934	-5.56	1.668	1.112	1.89	3
813	927	-1.11	0	1.11	1	3
814	927	-8.623	0	1.99	1	3
815	953	2.226	1.113	0.556	1.17	3
816	939	-10.621	0	-1.118	0.89	3
817	953	-3.887	0.555	3.332	1.17	3
818	962	0.555	-0.555	3.329	2.06	3
819	962	-3.885	0	-1.11	2.28	3
820	945	3.887	0	-3.332	1.67	3
821	894	2.78	1.112	3.892	1.33	3
822	896	-3.889	0	-3.889	2.22	3
823	896	-2.78	0	2.224	1.94	3
824	905	3.329	0.555	0.555	3.61	2
825	945	-5.556	1.111	-2.778	1.44	3
826	895	-4.715	0	-7.072	1.22	3
827	897	3.33	0.555	2.22	1.11	3
828	900	-1.664	0	-1.109	1.28	3
829	965	2.221	0.555	-2.221	1.83	3
830	902	3.337	0	-2.224	1.28	3
831	903	-1.668	0	-2.224	1.11	3
832	903	4.445	0.556	-1.667	1.11	3
833	907	1.11	0.555	4.44	1.39	3
834	910	4.694	0	14.081	1	3
835	911	-1.112	1.668	5.56	1.33	3
836	912	3.33	0	0	1.06	3
837	912	7.264	0	17.881	1.11	3
838	913	1.667	0	5	1.28	3
839	917	18.88	0	-4.005	1.44	3
840	918	10.552	0	-1.111	1.44	3
841	920	10.005	0	0.556	1.94	3
842	921	4.446	0	-11.114	2	3
843	921	7.219	0	4.998	1.61	3
844	923	-5.555	0.555	0.555	1.11	3
845	923	-2.781	0.556	-1.668	1.11	3
846	924	-7.225	0	-1.112	1.44	3
847	924	-4.997	0	-5.552	1.44	3
848	925	-1.145	0	-13.17	1.22	3
849	926	-3.364	0	-10.652	1.56	3
850	925	7.223	0	-12.78	1.11	3
851	928	6.669	0	-2.223	2.22	3
852	929	-1.667	0	-2.778	1.5	3
853	928	16.111	-0.556	12.777	1.83	3
854	971	0	-1.109	-1.664	1.22	3
855	932	3.888	0.555	7.221	1.83	3
856	898	2.778	0	-5	1.11	3
857	933	6.325	0.632	7.59	1.33	3
858	898	-2.225	0	-5.562	1.11	3
859	972	5.002	1.111	6.669	1.17	3
860	936	-1.112	0	-5.56	1.72	3
861	937	1.666	-0.555	1.666	1.33	3
862	954	2.218	0	-1.109	0.89	3
863	972	3.886	0.555	-2.221	1.17	3
864	938	2.223	0	-3.89	1.33	3
865	938	-5.56	0	0	1.17	3
866	940	-2.222	0.556	-5.556	1.11	3
867	936	6.665	0.555	-1.111	1.33	3
868	942	0	0	-1.67	1.78	3
869	929	-4.999	0	-0.555	1.33	3
870	943	-11.896	-0.595	-12.491	1.11	3
871	944	-6.665	0	1.666	1.72	3
872	944	-1.11	0	3.885	1.5	3
873	947	-17.615	1.761	-1.761	1.44	3
874	948	-6.108	0.555	-3.332	1.22	3
875	948	-12.782	0	-1.111	1	3
876	949	2.777	0	-4.444	1.83	3
877	951	2.777	-1.111	1.111	1.67	3
878	950	-3.336	0	-1.668	1.39	3
879	943	-5	0	0	1.11	3
880	955	3.934	-0.562	20.794	1.67	3
881	958	-3.364	0	21.306	1.56	3
882	960	-2.224	0	-2.78	1.39	3
883	957	1.668	0.556	5.559	1.67	3
884	960	-4.999	-0.555	0	1.39	3
885	961	0	2.328	11.058	2.11	3
886	966	-7.779	0	-2.222	4.72	2
887	933	-3.33	0	-1.11	1.33	3
888	954	0	-0.557	1.67	0.89	3
889	966	0	-0.556	8.893	4.72	2
890	905	-0.556	0.556	13.888	4.33	2
891	963	6.669	0	2.223	1.22	3
892	968	7.222	0	10.556	4.44	2
893	965	4.442	0.555	3.331	2	3
894	995	0	0.555	2.775	1.5	3
895	1007	-2.778	0	-3.89	1.56	3
896	975	-6.668	0	1.111	4.17	2
897	995	3.336	1.112	0.556	1.39	3
898	1003	-3.336	0	-4.448	1.11	3
899	1029	13.991	0	-7.276	1.33	3
900	1029	-2.22	-0.555	-3.33	1.33	3
901	1019	-0.575	1.15	18.405	1.11	3
902	1007	1.668	0	-3.336	1.56	3
903	973	2.224	0	-3.337	1.28	3
904	1034	0.555	0.555	-1.664	1	3
905	975	0	0	2.22	5.44	2
906	1034	5.552	0	2.221	0.94	3
907	981	5.4	3	19.2	1.67	3
908	982	5.284	-1.761	9.393	1.11	3
909	984	4.446	1.111	6.113	1	3
910	984	7.7	2.2	15.4	1	3
911	986	-4.998	-0.555	4.998	1.56	3
912	987	7.22	0	3.888	1.11	3
913	987	0	0	8.33	1.11	3
914	989	0.556	0	-3.334	0.89	3
915	989	-9.137	-0.571	-2.855	0.89	3
916	990	4.999	0	4.999	1.78	3
917	991	7.779	0	4.445	1.61	3
918	991	11.111	0	-3.333	1.61	3
919	992	-1.11	0	-3.885	1.56	3
920	993	8.337	0	3.891	2.11	3
921	993	8.89	0	-5.001	2.06	3
922	994	9.18	0	0	1	3
923	996	-6.669	0	-2.223	1.22	3
924	997	-12.096	0	3.456	1.44	3
925	997	0.559	0	-0.559	1.33	3
926	998	-2.776	0	-1.11	1.67	3
927	985	-14.662	0	4.511	1	3
928	999	9.444	0	-1.667	2.61	3
929	1000	-5.56	0	-1.112	1.5	3
930	1023	-3.33	0.555	-2.775	1.22	3
931	1019	5.603	1.121	15.127	1.11	3
932	999	6.665	-0.555	4.999	2.33	3
933	1002	-11.84	0	-3.947	1.33	3
934	1005	-1.666	0	3.888	1.89	3
935	1001	-3.887	1.666	6.109	1.22	3
936	1006	0.555	0	-2.222	1.56	3
937	973	2.224	0	3.337	1.39	3
938	1008	-7.83	1.119	-6.152	1.33	3
939	1023	-4.445	1.667	2.778	1.06	3
940	1008	1.667	0	-2.778	1.28	3
941	1013	-2.22	0	0	1	3
942	1016	-4.446	0.556	-6.114	2.33	3
943	1009	-4.445	0.556	-1.667	1.11	3
944	1016	-1.668	0.556	1.112	2.39	3
945	1011	-1.11	0	-3.885	1.61	3
946	1018	-16.163	0.703	-9.136	1.44	3
947	1020	-5.003	-0.556	2.779	1.72	3
948	1022	-2.22	0	0	1.33	3
949	1024	1.11	0	-3.885	2.39	3
950	1018	-7.379	0	-2.27	1.44	3
951	1024	4.998	1.111	0.555	2.22	3
952	1025	3.33	0	0	1.33	3
953	1026	-6.764	-0.564	16.347	1.33	3
954	1021	8.374	0	1.675	0.89	3
955	1027	3.886	0.555	6.107	1.94	3
956	1010	-6.665	0	4.443	1.44	3
957	1004	3.334	0	0.556	1.61	3
958	1027	-0.556	0	3.334	1.89	3
959	1010	-9.444	0	0.556	1.33	3
960	1028	-7.465	0	-2.297	1.67	3
961	1030	-1.668	-0.556	5.559	2.39	3
962	1031	-5	0	0	2.44	3
963	1035	3.891	0	0.556	1.33	3
964	1014	-5.839	0	2.595	0.89	3
965	1036	8.886	0	-3.332	2.06	3
966	974	-3.887	0	3.332	4.89	2
967	1032	-7.22	0	0	1.61	3
968	1039	6.666	0.556	6.111	3.44	2
969	1038	-3.332	0	-7.218	1.33	3
970	1038	1.109	0	-1.664	1.33	3
971	1035	-0.556	0.556	-3.891	1.39	3
972	1040	3.33	-2.775	-2.22	1.11	3
973	1069	11.242	0.562	0.562	1.44	3
974	1088	-7.222	3.333	6.111	4.17	2
975	1090	1.113	1.113	3.338	5.78	2
976	1047	9.402	0	10.655	1.11	3
977	1048	18.018	0.667	0	1	3
978	1048	3.915	1.119	10.068	1	3
979	1049	1.667	1.667	8.893	1.22	3
980	1050	5.556	0	6.112	1.72	3
981	1051	10.642	-2.504	18.78	1.67	3
982	1051	1.666	1.111	6.11	1.39	3
983	1053	6.115	0.556	-1.112	1.28	3
984	1053	7.777	-0.556	9.999	1.28	3
985	1065	-4.998	0	1.111	1.33	3
986	1054	-4.999	-0.555	0	1.89	3
987	1054	2.223	0	6.669	1.67	3
988	1045	-6.109	0	-2.221	1	3
989	1045	-0.555	0	-5.552	1	3
990	1056	3.891	0	7.782	2.06	3
991	1056	6.668	0	1.111	2.06	3
992	1055	-0.555	0	-2.775	2.11	3
993	1060	5.555	0	-1.667	2.22	3
994	1091	4.445	0	0.556	1.11	3
995	1052	3.337	0	2.224	1.56	3
996	1055	-3.33	0	0	1.89	3
997	1060	-2.776	0	-8.329	1.89	3
998	1062	-3.89	0	0	1.78	3
999	1097	7.779	0	2.222	3.78	2
1000	1064	-3.885	0	-1.11	1.44	3
1001	1083	-3.33	0	3.33	1.61	3
1002	1065	-3.33	0	-3.33	1.5	3
1003	1092	-1.11	0	-3.33	1.28	3
1004	1059	6.11	0	1.111	1.28	3
1005	1085	-1.109	0	2.218	1.72	3
1006	1068	2.222	-0.556	-4.444	1.44	3
1007	1061	0	0	-2.22	1.78	3
1008	1072	0	0	-2.22	1.56	3
1009	1071	-6.666	1.666	-1.666	1.44	3
1010	1070	-2.22	0	-2.22	1.39	3
1011	1071	-1.667	0	-2.778	1.61	3
1012	1073	0	0	-4.44	1.22	3
1013	1074	-2.776	0	1.11	1.17	3
1014	1074	-1.109	0	-1.664	1.06	3
1015	1075	18.319	-1.182	-17.728	1.33	3
1016	1076	-7.22	0	0	2.11	3
1017	1077	0	0	-4.44	1.22	3
1018	1078	-16.83	0	-1.161	1.44	3
1019	1059	-1.112	-0.556	3.336	1.22	3
1020	1079	-5	0	0	2.28	3
1021	1098	2.224	0	2.78	0.94	3
1022	1080	-17.306	0	2.791	1.44	3
1023	1063	-6.11	0	0	1.22	3
1024	1082	1.67	0	0	3.56	2
1025	1081	5	0	0	1.72	3
1026	1081	-1.11	0.555	4.44	1.72	3
1027	1082	0	-0.556	3.334	3.28	3
1028	1083	-4.445	0	-0.556	1.83	3
1029	1058	-2.22	0	-2.22	1.17	3
1030	1088	0	0.556	6.115	3.67	2
1031	1090	-12.218	0	2.777	4	2
1032	1085	-7.774	0	-1.666	1.67	3
1033	1084	0.555	0.555	1.664	1	3
1034	1084	2.218	0	-1.109	1	3
1035	1092	-3.633	1.211	-12.716	1.44	3
1036	1072	5.556	0.556	-2.222	1.78	3
1037	1095	-2.779	-1.667	-6.114	1.33	3
1038	1095	2.218	0	-1.109	1.33	3
1039	1097	3.332	0	11.663	4	2
1040	1098	18.315	0.572	-1.145	1	3
1041	1099	-3.332	0	-3.887	1.06	3
1042	1099	7.22	0	0	1.06	3
1043	1105	-3.334	0	2.778	1.11	3
1044	1110	9.44	0	0	1.56	3
1045	1105	-4.448	0	-1.668	1.22	3
1046	1154	1.667	0	8.335	1.06	3
1047	1100	-0.555	-0.555	4.999	1.22	3
1048	1100	6.664	0	4.998	1.17	3
1049	1101	0.556	0	4.445	1.33	3
1050	1102	6.67	0	0	2.11	3
1051	1102	3.889	1.111	14.444	1.94	3
1052	1113	1.668	0.556	3.335	1.67	3
1053	1103	5	0	2.778	1.56	3
1054	1103	-1.668	0.556	3.335	1.89	3
1055	1107	-1.666	0	-3.888	2.56	3
1056	1108	5.552	0	2.221	2.56	3
1057	1104	-4.445	0	-2.223	1	3
1058	1104	0	-4.444	-7.222	1	3
1059	1149	2.78	0	2.224	1.22	3
1060	1108	1.111	0	-6.668	2.56	3
1061	1106	1.111	0	-4.443	1.67	3
1062	1112	-3.33	-0.555	2.22	2.28	3
1063	1155	-3.887	0	-3.332	1.5	3
1064	1115	-3.885	0	-1.11	1.5	3
1065	1142	-6.115	-0.556	-2.223	1.56	3
1066	1152	-1.666	0	-3.888	1.11	3
1067	1152	-2.778	0	1.667	1.11	3
1068	1119	2.224	0	-2.78	1.78	3
1069	1113	3.334	1.111	-2.778	1.67	3
1070	1122	-3.337	0	-2.224	1.67	3
1071	1116	-4.448	0	-3.336	1.72	3
1072	1125	2.781	0	-6.118	1.78	3
1073	1112	-1.11	-1.11	-4.441	2.06	3
1074	1126	-1.664	0	1.109	1.22	3
1075	1133	1.666	0	-3.888	1.61	3
1076	1133	-5.559	-0.556	-1.668	1.61	3
1077	1135	-4.998	0	-7.219	1.72	3
1078	1135	-3.336	0	1.668	1.72	3
1079	1137	0	0	-1.67	2.56	3
1080	1137	-4.444	0.556	2.778	2	3
1081	1139	3.888	0	5.554	2.11	3
1082	1134	4.44	1.665	1.11	5.28	2
1083	1143	-7.78	0.556	0.556	2	3
1084	1131	3.891	0	0.556	1.11	3
1085	1122	-8.331	1.111	6.109	1.94	3
1086	1136	2.221	0	-5.552	1.33	3
1087	1155	-10.553	0.555	4.999	1.33	3
1088	1134	-2.775	-0.555	3.33	5.44	2
1089	1147	2.22	0	-2.22	1.17	3
1090	1138	-3.889	0	13.334	5	2
1091	1148	6.11	0	0	1.22	3
1092	1150	0	-1.12	-5.599	1.44	3
1093	1141	-6.114	0	5.003	1.5	3
1094	1153	-2.224	0	-1.668	1.33	3
1095	1153	1.666	-0.555	-1.666	1.33	3
1096	1140	-16.712	0	5.013	1.33	3
1097	1156	2.777	0	6.665	4.17	2
1098	1119	8.332	0	-0.555	1.56	3
1099	1158	1.11	-1.11	-2.221	1.17	3
1100	1172	5.611	0.561	6.172	1.33	3
1101	1179	-3.889	0	3.889	1.17	3
1102	1194	5.557	1.111	8.336	2.22	3
1103	1205	-2.221	0	5.552	1.56	3
1104	1163	2.332	1.166	-11.077	1	3
1105	1176	-10.005	0	0.556	1.67	3
1106	1210	-0.555	-1.11	-3.887	2.39	3
1107	1161	-4.443	0	-6.665	2.61	3
1108	1206	5.558	0	-5.558	3.67	2
1109	1190	-0.556	-1.113	-2.226	1.61	3
1110	1210	1.669	0	1.669	2.33	3
1111	1209	6.109	0	6.664	1.11	3
1112	1162	-3.886	0.555	-2.221	2.78	3
1113	1164	5.552	0	2.221	2	3
1114	1204	-7.547	0.629	3.145	1.67	3
1115	1161	-4.997	1.11	-2.221	2.11	3
1116	1201	-5.554	0	-3.888	2	3
1117	1169	2.777	0	4.444	1.28	3
1118	1211	2.879	0	7.485	1.11	3
1119	1171	2.224	0	-2.78	2.11	3
1120	1173	-1.203	0.602	-5.415	1	3
1121	1174	3.336	0	1.668	1.5	3
1122	1170	-8.955	-0.56	3.358	2	3
1123	1165	19.199	1.694	-6.776	1.22	3
1124	1165	29.097	0.606	-5.456	1.22	3
1125	1164	0	0.555	-2.775	1.94	3
1126	1181	-2.778	0	3.89	1.39	3
1127	1182	3.336	-1.112	0.556	1	3
1128	1183	5.2	0	3.9	1	3
1129	1185	0	0	-1.67	0.78	3
1130	1185	-1.11	-0.555	0.555	0.78	3
1131	1186	3.332	0	3.887	1.44	3
1132	1207	-3.329	0.555	0.555	1.11	3
1133	1187	-2.223	0	-3.89	2.06	3
1134	1213	0	0.555	5.552	6.17	2
1135	1162	-10.002	0.556	-4.446	2.39	3
1136	1212	-4.445	0.556	-4.445	1.83	3
1137	1213	-8.332	0	0.555	4.33	2
1138	1191	-6.668	0	13.336	4.33	2
1139	1191	4.445	0	2.223	3.28	2
1140	1189	-16.16	0.557	7.801	1.33	3
1141	1190	-4.445	0	0.556	1.78	3
1142	1168	-6.109	0	-2.221	1.44	3
1143	1192	-4.998	0	-1.111	2.17	3
1144	1193	-7.334	0	-9.026	1.11	3
1145	1195	-5.859	0	-6.445	1.11	3
1146	1196	5.552	0	2.221	1.22	3
1147	1196	2.78	0	-2.224	1.33	3
1148	1212	3.886	0.555	-2.221	1.72	3
1149	1171	1.11	0.555	4.44	1.61	3
1150	1201	1.11	0	-3.33	1.89	3
1151	1199	9.445	0.556	3.889	1.11	3
1152	1207	-4.448	0	-3.336	1.22	3
1153	1181	-2.22	-0.555	-3.33	1.44	3
1154	1199	1.111	0.555	6.665	1.11	3
1155	1200	-3.336	0	-1.668	1.61	3
1156	1206	2.777	0	4.444	4.17	2
1157	1208	8.353	1.671	3.341	1.22	3
1158	1208	27.278	2.098	-9.093	1.22	3
1159	1209	5.555	0	1.667	0.83	3
1160	1236	-1.111	0	4.998	1.78	3
1161	1236	-3.891	1.668	-0.556	2.33	3
1162	1235	-11.669	-1.111	-1.667	2.44	3
1163	1254	0	0	-2.78	1.11	3
1164	1257	6.113	1.111	-3.89	1.94	3
1165	1252	6.11	0	0	1.44	3
1166	1214	3.887	0.555	1.11	1.22	3
1167	1216	1.664	0	1.109	1.22	3
1168	1251	-6.665	2.777	1.666	2.39	3
1169	1217	0	0	8.48	1.44	3
1170	1243	-4.442	3.331	0.555	3.56	3
1171	1220	4.44	0	0	1.78	3
1172	1218	4.999	1.111	3.333	1.5	3
1173	1221	1.664	0	-1.109	1.11	3
1174	1223	4.752	0	-4.752	1.67	3
1175	1259	-8.89	0	0	1.28	3
1176	1215	-6.114	0	-5.003	2.06	3
1177	1224	7.8	0	0.557	1	3
1178	1219	-1.669	0	1.669	1.22	3
1179	1218	-1.111	0	4.443	1.33	3
1180	1226	-1.11	-0.555	3.887	1.33	3
1181	1227	-5	0	-1.667	1.67	3
1182	1229	3.337	0	-2.224	1.17	3
1183	1229	1.668	0	2.224	1.17	3
1184	1230	-4.412	0	-5.042	0.78	3
1185	1230	-11.185	0	-3.915	0.78	3
1186	1257	2.778	0.556	4.444	1.72	3
1187	1260	-2.222	0.555	-2.777	4.06	2
1188	1234	7.243	0	15.601	1.11	3
1189	1253	-3.335	-1.112	2.224	1.28	3
1190	1237	-1.109	0	-1.664	2.17	3
1191	1238	-1.11	1.665	4.44	4.44	2
1192	1243	-3.888	3.333	-3.888	3.72	2
1193	1246	-4.444	0.556	-2.778	1.17	3
1194	1244	3.336	0	4.448	3.39	2
1195	1246	-2.777	0	-6.109	1.17	3
1196	1247	3.334	0	-2.778	1.44	3
1197	1250	3.441	0	-10.322	1.11	3
1198	1248	-4.999	0	2.222	1.78	3
1199	1250	1.112	-0.556	1.668	1.11	3
1200	1248	-3.888	0	-1.666	1.61	3
1201	1251	-1.109	0	-2.218	2.83	3
1202	1256	2.222	0.555	-2.777	1.11	3
1203	1256	-1.668	0	-3.336	1.11	3
1204	1232	0	0	6.11	1.83	3
1205	1244	-3.331	-0.555	4.442	3.06	3
1206	1249	7.775	0.555	8.886	4.17	2
1207	1253	-7.779	0	-2.222	1.22	3
1208	1254	3.89	-1.667	-2.223	1.22	3
1209	1242	2.218	0	1.109	1.06	3
1210	1258	5.552	0	-4.442	2.33	3
1211	1255	1.667	-0.556	6.112	1.17	3
1212	1227	2.224	-1.112	-3.335	2	3
1213	1260	-1.111	-1.111	1.666	6	2
1214	1263	4.444	0	-2.777	1.39	3
1215	1299	-1.666	0	-3.888	3.06	3
1216	1290	0	0	3.33	1.33	3
1217	1274	-1.111	-0.555	6.665	1.78	3
1218	1263	0	0	2.22	1.61	3
1219	1297	-4.442	-0.555	3.331	1.33	3
1220	1274	3.888	0	-1.666	1.78	3
1221	1302	7.249	0	-0.558	1.22	3
1222	1287	7.886	0	-3.38	1.33	3
1223	1262	0	0	-3.33	1.83	3
1224	1302	2.224	0	1.668	1.11	3
1225	1266	6.115	0	-0.556	1.61	3
1226	1266	2.778	1.667	4.445	1.61	3
1227	1269	0	0	-8.89	1.78	3
1228	1268	-6.731	0	-12.116	0.78	3
1229	1270	10.002	0	1.667	1.33	3
1230	1268	-2.22	0.555	-1.665	0.78	3
1231	1270	5.003	-0.556	6.115	1.17	3
1232	1298	0	0	1.67	2.11	3
1233	1293	2.224	0	1.668	1.22	3
1234	1273	0.555	0	4.999	1.22	3
1235	1299	-8.894	1.112	-0.556	3.06	3
1236	1265	-4.443	-1.111	0	2.5	3
1237	1265	-1.667	0	-5	2.72	3
1238	1301	0	3.888	7.22	5.17	2
1239	1277	6.111	0	7.222	1.11	3
1240	1280	-2.221	1.111	10.552	1.33	3
1241	1291	-7.222	0	4.444	1	3
1242	1290	4.445	0	-0.556	1.33	3
1243	1301	-3.334	0	0.556	5.5	2
1244	1303	-2.222	2.777	7.775	5.17	2
1245	1304	0	0	-5	1.44	3
1246	1278	0	0	-3.89	1.33	3
1247	1271	2.779	0	-2.779	2.44	3
1248	1282	-5.003	-0.556	-2.779	2.28	3
1249	1303	13.33	2.777	9.442	4.78	2
1250	1284	4.996	0.555	3.331	1.11	3
1251	1271	-1.664	1.109	0	3.39	3
1252	1276	3.885	0	-1.11	1.61	3
1253	1282	-3.33	0.555	2.775	2	3
1254	1293	2.779	0	-2.779	1.22	3
1255	1292	3.888	1.666	2.777	1.39	3
1256	1289	0.678	-4.749	-4.749	1.11	3
1257	1292	7.225	0	-1.112	1.67	3
1258	1269	2.775	0	-0.555	1.67	3
1259	1296	-5	0	0	1.44	3
1260	1300	-7.775	-0.555	4.998	4.56	2
1261	1322	17.421	-2.323	-5.807	1.33	3
1262	1305	-1.109	0	-2.218	2.11	3
1263	1345	4.444	-0.556	2.222	1.56	3
1264	1308	-4.36	0	9.966	0.67	3
1265	1341	-1.668	1.112	-0.556	2.61	3
1266	1318	24.43	1.163	-2.908	1.89	3
1267	1343	2.778	0	-1.667	0.78	3
1268	1343	-1.109	0	-1.664	0.78	3
1269	1306	0	0	-2.22	1.67	3
1270	1318	5.553	2.221	2.221	1.61	3
1271	1307	-4.445	0	-2.223	3	3
1272	1312	-10.006	0.667	19.345	1.22	3
1273	1313	0	0.555	2.775	1.33	3
1274	1309	3.334	0	0.556	1.89	3
1275	1314	1.667	0.556	8.888	1.11	3
1276	1334	9.003	0	-1.688	1.56	3
1277	1317	3.89	1.111	6.669	1.22	3
1278	1319	2.222	0.556	-5	1.72	3
1279	1310	15.919	0	-2.948	1.44	3
1280	1317	-6.667	0.556	11.111	1.28	3
1281	1310	18.408	1.227	1.841	1.44	3
1282	1311	-4.998	0	-1.111	2.78	3
1283	1323	2.224	0	-1.668	1.89	3
1284	1319	4.445	0	2.223	1.56	3
1285	1324	0	1.11	-2.776	1.61	3
1286	1329	-2.404	0	-5.41	1.44	3
1287	1329	3.89	0	-2.223	1.39	3
1288	1322	17.363	-3.858	3.858	1.33	3
1289	1332	2.78	0.556	-2.78	1.22	3
1290	1323	5.559	2.224	1.112	1.89	3
1291	1321	-3.889	0	3.889	1.06	3
1292	1335	9.129	0	2.282	1.56	3
1293	1337	3.334	0.556	0	1.22	3
1294	1321	-12.934	0	-3.937	1.11	3
1295	1348	3.336	0	-4.448	1.67	3
1296	1320	-4.998	0	1.111	1.5	3
1297	1342	-5.48	0	11.568	1.44	3
1298	1341	2.221	0.555	3.886	2.22	3
1299	1346	-4.999	1.111	-3.333	5.11	2
1300	1347	-7.221	0.555	4.999	3.22	2
1301	1346	-1.666	-2.777	5.555	6.06	2
1302	1348	2.224	0	1.668	1.44	3
1303	1330	6.667	-0.556	11.668	5.17	2
1304	1320	-1.665	-0.555	-2.22	1.39	3
1305	1371	0	-1.11	-2.776	2.22	3
1306	1378	1.668	0	-4.448	1.39	3
1307	1359	-3.888	0	-1.666	2.33	3
1308	1354	-16.25	0	5	0.67	3
1309	1367	11.48	2.87	7.462	1.67	3
1310	1380	3.33	0	0	1.44	3
1311	1363	-5.003	0.556	-2.779	3	3
1312	1379	-4.999	0	2.222	1.06	3
1313	1349	-2.224	0	2.78	1.5	3
1314	1349	3.332	-0.555	6.108	1.39	3
1315	1383	11.148	0	-3.279	1.56	3
1316	1352	2.221	0	-8.329	1.11	3
1317	1355	-6.034	-0.603	9.654	1.22	3
1318	1383	7.776	1.666	1.111	1.72	3
1319	1357	5.56	0	1.112	1.61	3
1320	1387	-4.997	-1.11	-2.221	1.5	3
1321	1370	-6.107	0	-1.666	1.22	3
1322	1362	6.115	1.112	-0.556	1.39	3
1323	1356	4.998	0.555	-4.443	2.44	3
1324	1384	0	0	-4.44	2	3
1325	1356	-2.779	0	-2.779	2.11	3
1326	1369	1.669	0	1.669	0.83	3
1327	1379	2.224	0	3.337	1.06	3
1328	1366	2.778	0	1.667	1.17	3
1329	1362	-1.701	0	-7.94	1.44	3
1330	1353	10.554	-0.555	12.775	5.72	2
1331	1385	-1.667	0	2.778	1.22	3
1332	1370	2.95	0	-7.08	1.33	3
1333	1354	-14.731	1.281	16.653	0.67	3
1334	1378	4.445	0	-0.556	1.39	3
1335	1373	7.218	1.666	1.11	1.61	3
1336	1374	-1.668	0	2.224	1.39	3
1337	1374	1.67	0	-0.557	1.39	3
1338	1375	0.68	0	-4.762	1	3
1339	1369	-0.555	1.11	0.555	0.83	3
1340	1358	2.283	0.571	13.699	1	3
1341	1364	-10.557	1.111	0.556	2.11	3
1342	1377	0	1.11	3.885	1.56	3
1343	1372	-2.224	0	-2.78	1.22	3
1344	1381	-2.779	0	-2.779	1.44	3
1345	1384	4.445	0.556	1.667	1.78	3
1346	1386	-4.444	0	2.777	5	2
1347	1353	-7.223	0.556	5.556	5.06	2
1348	1372	18.003	0.667	4.667	1.67	3
1349	1404	1.111	0	4.443	2.33	3
1350	1418	-2.22	0	-2.22	1.5	3
1351	1418	3.887	-0.555	-3.332	1.5	3
1352	1416	4.646	0	-17.421	1.22	3
1353	1411	2.779	2.223	11.114	6.17	2
1354	1389	-1.666	0.555	1.666	1.06	3
1355	1414	-8.337	0	3.891	1.44	3
1356	1388	0	0.555	-4.999	2.5	3
1357	1416	4.443	0	1.111	1.22	3
1358	1415	3.337	0	2.224	1.22	3
1359	1417	-3.338	1.113	-1.113	3.06	3
1360	1419	-2.775	0	-0.555	1	3
1361	1419	0	0.556	-8.893	1	3
1362	1394	-1.275	-0.637	-21.673	1.44	3
1363	1420	-4.442	0.555	-3.331	3.72	2
1364	1412	-3.891	0	0.556	1.89	3
1365	1395	-10.687	0	14.695	0.89	3
1366	1396	-2.777	0	4.444	1.39	3
1367	1403	1.667	0	5	2	3
1368	1394	1.113	0.557	1.113	1.39	3
1369	1389	1.667	0	5	1.22	3
1370	1402	-11.739	-1.174	-24.652	1.33	3
1371	1417	0.555	0	-2.775	3.11	3
1372	1397	-2.222	-2.777	-6.11	1.67	3
1373	1406	4.998	0	-1.111	1.67	3
1374	1401	6.225	1.245	3.112	1.56	3
1375	1409	2.218	0	-1.109	0.94	3
1376	1400	-2.78	0	0	1.11	3
1377	1410	3.891	0	7.782	1.67	3
1378	1401	-0.556	0	-3.891	1.39	3
1379	1407	-1.676	0	6.146	0.89	3
1380	1403	3.336	-0.556	-1.112	1.89	3
1381	1413	-7.775	1.111	-2.777	1.5	3
1382	1400	-1.183	-1.775	10.648	1.11	3
1383	1391	0	1.11	1.11	1.56	3
1384	1404	2.78	0	0	2.5	3
1385	1415	-3.872	0	4.518	1.44	3
1386	1420	-3.888	0	5.554	4	2
1387	1393	-17.021	0.567	-16.453	1.44	3
1388	1450	1.11	0	-3.33	3.39	3
1389	1438	-2.223	0	3.89	1.5	3
1390	1423	-2.779	0	2.779	1.22	3
1391	1425	0.54	-0.54	2.159	2.06	3
1392	1449	1.11	0	0	1.39	3
1393	1431	-5	-2.222	-1.667	1.78	3
1394	1449	-1.11	0.555	-2.775	1.44	3
1395	1445	2.221	0	6.109	1	3
1396	1444	-2.224	0	3.337	1.44	3
1397	1431	0.556	0	-3.334	1.89	3
1398	1451	0	0	0.56	1.22	3
1399	1440	6.667	1.111	4.445	1.33	3
1400	1442	-7.842	0.56	5.042	1.11	3
1401	1425	0.555	1.111	-6.665	2.06	3
1402	1444	-3.887	0	-3.332	1.39	3
1403	1450	1.667	3.334	1.111	3.33	3
1404	1446	5.554	0	3.888	2.67	3
1405	1428	5	0	-2.778	1	3
1406	1424	4.445	0	-0.556	1.56	3
1407	1445	-2.779	0	2.779	1	3
1408	1436	-8.055	-1.151	-8.055	0.89	3
1409	1436	3.89	0	0	0.89	3
1410	1447	2.779	1.112	4.446	2.94	3
1411	1452	2.223	-1.112	6.114	5.72	2
1412	1429	-2.781	0.556	1.668	2.89	3
1413	1438	-15.097	-0.559	-1.677	1.56	3
1414	1452	-5.552	0	4.442	3.83	2
1415	1434	0	0	3.33	1.56	3
1416	1439	2.775	0	0.555	1.22	3
1417	1429	-1.668	0	-4.448	4	2
1418	1437	-0.555	0	-2.222	1.94	3
1419	1428	-7.22	0	-3.888	1	3
1420	1447	-8.33	1.111	3.332	4.22	2
1421	1459	-5	0	2.778	1.67	3
1422	1453	3.337	0	-2.224	1.11	3
1423	1454	-16.19	-0.558	0	1.33	3
1424	1456	8.533	-0.569	2.276	1.44	3
1425	1475	3.33	-0.555	-2.22	2.28	3
1426	1468	1.11	0	3.885	1.11	3
1427	1479	-3.336	0	-4.448	2	3
1428	1482	-2.778	0	-1.667	1.11	3
1429	1474	-3.334	0	-0.556	3.11	2
1430	1464	-6.72	0.56	6.72	1.33	3
1431	1472	-1.666	0	-6.665	2	3
1432	1458	-18.501	-0.578	0	1.44	3
1433	1459	-7.221	0.555	-3.888	1.72	3
1434	1457	-1.858	0	10.527	1.67	3
1435	1471	-1.111	-0.556	10.003	1.5	3
1436	1463	-0.555	0	-1.109	0.89	3
1437	1480	-0.556	0.556	-3.891	2.11	3
1438	1460	-20.534	-0.587	15.84	1.56	3
1439	1480	3.886	0.555	2.221	1.67	3
1440	1457	2.779	0	2.779	1.61	3
1441	1464	10.136	0	5.702	1.33	3
1442	1454	-2.778	0.556	9.444	1.22	3
1443	1465	1.111	0	-8.336	1.22	3
1444	1469	-3.89	0	0	1.33	3
1445	1483	7.805	0.557	13.38	1.11	3
1446	1478	5.552	0	0.555	3.89	2
1447	1470	-6.114	3.335	5.558	4.22	2
1448	1462	-3.889	0	-10	1.78	3
1449	1485	1.11	0	-3.885	1.28	3
1450	1462	4.44	-1.11	-0.555	3.33	3
1451	1471	4.443	0.555	3.888	1.5	3
1452	1478	-0.555	0	4.999	5.72	2
1453	1500	3.33	-0.555	-2.775	1.22	3
1454	1505	-8.522	0.609	-1.217	1.33	3
1455	1504	-1.109	0	1.664	1	3
1456	1492	1.667	1.667	2.223	1.61	3
1457	1508	0	0.555	2.222	1.5	3
1458	1511	-4.445	0	0.556	1.22	3
1459	1490	-7.774	0	-1.666	2.06	3
1460	1507	-3.888	0.555	4.443	3.44	2
1461	1495	-1.11	0	2.776	1.33	3
1462	1491	2.222	0	-0.555	2.22	3
1463	1504	-3.336	0.556	-1.112	1	3
1464	1488	-5.558	0	5.558	1.33	3
1465	1493	1.112	0.556	-3.336	1.11	3
1466	1488	3.888	0.555	2.777	1.33	3
1467	1498	2.224	0	-2.78	1.22	3
1468	1511	-2.221	0	6.109	1.06	3
1469	1486	-7.219	0	-0.555	1.78	3
1470	1489	-3.33	0.555	2.775	4.83	2
1471	1491	0	2.224	1.668	1.89	3
1472	1486	1.666	0.555	-6.663	2.11	3
1473	1495	2.222	0	-0.555	1.33	3
1474	1489	-4.448	0	-3.336	3.83	2
1475	1510	3.334	0	-2.778	2.11	3
1476	1506	4.443	-0.555	-4.998	1.67	3
1477	1500	-4.445	0	-5	1.33	3
1478	1507	1.667	0	2.778	5.39	2
1479	1490	-2.223	0	-3.89	2.22	3
1480	1509	8.794	0	-0.676	2.11	3
1481	1503	-2.777	0	-4.444	0.83	3
1482	1502	-4.448	0	-3.336	1.33	3
1483	1505	-2.777	0	5.554	1.22	3
1484	1502	0.56	0	0	1.22	3
1485	1496	3.89	0	-2.223	1.11	3
1486	1533	-2.223	0	-4.445	2.17	3
1487	1519	-2.778	0	-5	1.44	3
1488	1520	3.333	-1.111	3.888	1.33	3
1489	1516	-13.334	0	1.111	5.06	2
1490	1522	-11.749	0	-8.951	2.22	3
1491	1525	3.332	-2.222	2.222	1.89	3
1492	1512	0	0	2.78	2.33	3
1493	1526	1.664	0	-1.109	1.06	3
1494	1515	4.711	0	-6.478	1.22	3
1495	1530	3.334	0	0.556	1.67	3
1496	1525	2.778	0	-3.89	1.39	3
1497	1531	12.68	-0.576	-5.763	1.22	3
1498	1523	1.669	0	-1.669	1	3
1499	1521	11.113	1.235	-12.965	1	3
1500	1513	-2.246	0	-10.666	1.3	3
1501	1524	-3.888	0	-1.666	0.78	3
1502	1514	-0.574	-1.722	-11.477	1.44	3
1503	1527	-3.887	0	-3.332	0.83	3
1504	1526	-2.226	0.556	-1.113	1.11	3
1505	1520	-15.599	1.733	-1.733	1.33	3
1506	1518	2.224	0	-3.337	1.5	3
1507	1532	-1.109	0	1.664	5.28	2
1508	1529	0	0	5.56	1.33	3
1509	1532	7.219	-0.555	0	3.67	2
1510	1512	2.78	0	-2.224	2.56	3
1511	1514	-3.89	-1.667	2.223	1.22	3
1512	1538	3.89	0	0	2.44	3
1513	1542	0	0.555	-2.222	1.39	3
1514	1543	-17.217	1.722	-5.739	1.44	3
1515	1548	3.888	0	-1.666	1.33	3
1516	1550	-4.44	-0.555	1.11	5.39	2
1517	1544	-16.009	0	-9.606	1.44	3
1518	1539	2.776	1.11	-2.776	1.28	3
1519	1536	-3.334	0	0.556	1.56	3
1520	1546	-1.109	0	1.664	1.67	3
1521	1535	3.886	-0.555	-2.221	1.06	3
1522	1550	-1.667	0	-5	4.17	2
1523	1549	4.445	0	-0.556	1.06	3
1524	1541	0	0	-1.67	0.83	3
1525	1537	4.998	0	1.111	2.44	3
1526	1544	0	-1.109	-1.664	1.28	3
1527	1541	-2.22	0	0	0.83	3
1528	1540	1.125	0	-6.189	1.44	3
1529	1537	-0.556	0	3.891	2.28	3
1530	1546	2.226	0.556	1.113	2	3
1531	1542	2.222	-0.555	0	1.33	3
1532	1547	2.222	0.556	5.556	5.78	2
1533	1536	0.555	0	-2.775	1.83	3
1534	1557	8.332	0	0.555	2.11	3
1535	1558	12.475	0	-1.701	1.11	3
1536	1557	-0.557	0	-1.67	2.11	3
1537	1555	4.443	-0.555	4.998	2.44	3
1538	1562	4.445	0	-0.556	2	3
1539	1553	3.336	0	-1.668	1.11	3
1540	1552	-2.22	0	-2.22	1.61	3
1541	1560	-2.78	0	0	1.06	3
1542	1556	1.669	1.113	-1.669	1.39	3
1543	1551	-3.89	0	0	1.28	3
1544	1564	0	0	-4.05	1.44	3
1545	1564	-2.778	0	-1.667	1.44	3
1546	1559	-0.555	0.555	6.11	2	3
1547	1561	6.665	7.776	8.887	8.06	2
1548	1552	3.888	0	-1.666	1.61	3
1549	1554	4.999	0	-2.222	1.22	3
1550	1561	-4.443	1.111	0	7.94	2
1551	1572	-5.002	1.667	1.667	2.72	3
1552	1567	-0.555	0.555	-6.11	1.78	3
1553	1576	4.443	-1.111	0	1	3
1554	1571	2.775	0	-0.555	1.33	3
1555	1569	3.891	-0.556	1.668	2.33	3
1556	1575	2.22	0	-2.22	1.33	3
1557	1572	0	0	-2.78	3.44	2
1558	1567	2.224	0	1.668	1.44	3
1559	1569	-1.111	-1.111	7.221	2.5	3
1560	1570	-3.334	0	0.556	1.22	3
1561	1573	-6.665	-1.111	9.441	8.44	1
1562	1568	4.445	0	0.556	1.89	3
1563	1574	2.224	0	1.668	1.44	3
1564	1577	0.907	0.907	-3.63	1.44	3
1565	1576	-6.155	-0.56	-22.382	1	3
1566	1577	-9.438	1.18	0.59	1.44	3
1567	1579	0.555	0	-5.552	1.78	3
1568	1583	5.555	1.666	2.777	1.89	3
1569	1578	5	2.222	1.667	5.72	2
1570	1582	-1.664	0	1.109	1.33	3
1571	1581	2.778	0	-1.667	1.17	3
1572	1584	-6.669	0	-2.223	3.72	2
1573	1578	-3.89	3.334	6.669	7.78	1
1574	1580	2.223	0	4.445	1.56	3
1575	1583	2.222	-0.555	-2.777	1.67	3
1576	1581	6.271	0	-6.841	1	3
1577	1582	-2.432	0	-1.824	1.44	3
1578	1585	-1.749	0.583	3.498	8.61	1
1579	1586	1.667	0	-2.778	1.89	3
1580	1588	-1.11	2.221	1.666	1.89	3
1581	1587	1.109	0	-1.664	1.22	3
1582	1587	-1.667	0	-2.778	1.44	3
1583	1588	0.554	0.554	0.554	2.11	3
1584	1585	-5.555	0	-1.667	5.94	2
1585	1590	-1.111	-0.555	4.998	8.44	1
1586	1589	0.556	0.556	-3.891	2.39	3
1587	1591	1.151	0	-10.356	1.44	3
1588	1589	1.664	0	1.109	2.5	3
1589	1592	6.664	-0.555	0.555	3.17	3
1590	1594	-1.111	6.109	5.553	8.89	1
1591	1593	3.892	-1.668	-3.336	1.83	3
1592	1596	9.998	-1.111	0	6.17	2
1593	1595	2.22	0	0	2.28	3
1594	1596	-2.779	2.223	1.667	9.22	1
1595	1597	6.11	0.555	-0.555	5.28	2
1596	1597	1.666	1.111	6.666	8.5	1
1597	1598	8.426	1.124	21.909	8.22	1
1598	1599	5.557	9.447	9.447	7.72	1
1599	-1	0	0	0	29.8	0
